 alphao(1) =  1.4781750643192850E-017
 alphao(100) =  1.1566651111468360E-006         100
 wloc=   58.90207708867370        21.83833727660791     
 arg1=  0.1816692460860850     
