% nouvelle valeur pour W
% ref : T. Putterich et al, NF 50 (2010) p 025012
function [te,lz] =  lzw_Putterich
te = [
1
30
40
50
60
70
100
150
200
300
400
500
600
800
1000
1500
2000
2300
2700
3000
3500
4000
5000
6000
7000
10000
12000
15000
20000
25000
30000
40000
100000]';

lz =  [
1e-37
2.32E-31
2.56E-31
2.55E-31
2.08E-31
1.73E-31
1.67E-31
1.57E-31
1.65E-31
1.99E-31
2.42E-31
2.91E-31
3.23E-31
3.79E-31
4.21E-31
4.59E-31
4.38E-31
3.94E-31
2.88E-31
2.28E-31
1.96E-31
1.88E-31
1.87E-31
1.79E-31
1.67E-31
1.33E-31
1.15E-31
9.47E-32
7.30E-32
6.11E-32
5.47E-32
4.95E-32 
4.95E-32
]';
