%  ITERLIMITEUR  courte description  
%------------------------------------------------------------------------------- 
% fichier :  iterlimiteur.m  ->  iterlimiteur 
% 
% 
% fonction Matlab 5 : 
% 
% description de la fonction sur quelques lignes  
%  
% syntaxe :  
%   function   [r,z] = iterlimiteur 
%  
% entrees :  
%  
%  
% sorties :  
%  r = 
%  z = 
%  
% fonction ecrite par xxxxxxx , poste XX-XX  
% version  4.1  du  08/04/2008  
%  
%*@auto@   Help genere automatiquement  
%  
% liste des modifications :  
%   * XX/XX/20XX -> commentaires  
%  
%-------------------------------------------------------------------------------  
%  
function [r,z] = iterwall(rlim,zlim)

% cas effet de peau
%Y = 0;
% cas  continu
Y = 0.25;
% la formule donnant li pour un plaque vient de :
% Inductance calculations, F.W. Groover, Dover Puplication , NY, 1946
% pas de discretisation
lc = 0.3;
%
mu0 = 4 * pi * 1e-7;
%donnees optionnelles
dr = [];
dz = []; 
contour = [];

% debut mur
irz = [
1	4.05E+00	-2.47E+00
2	4.05E+00	-1.56E+00
3	4.05E+00	-1.45E+00
4	4.05E+00	-5.43E-01
5	4.05E+00	-4.33E-01
6	4.05E+00	4.74E-01
7	4.05E+00	5.84E-01
8	4.05E+00	1.49E+00
9	4.05E+00	1.60E+00
10	4.05E+00	2.51E+00
11	4.05E+00	2.62E+00
12	4.05E+00	3.52E+00
13	4.05E+00	3.62E+00
14	4.30E+00	4.28E+00
15	4.36E+00	4.35E+00
16	4.88E+00	4.69E+00
17	4.97E+00	4.69E+00
18	5.70E+00	4.54E+00
19	5.80E+00	4.49E+00
20	6.54E+00	3.93E+00
21	6.63E+00	3.85E+00
22	7.37E+00	3.20E+00
23	7.44E+00	3.12E+00
24	7.88E+00	2.50E+00
25	7.93E+00	2.41E+00
26	8.25E+00	1.72E+00
27	8.20E+00	1.67E+00
28	8.20E+00	1.51E+00
29	8.22E+00	1.35E+00
30	8.24E+00	1.19E+00
31	8.26E+00	1.02E+00
32	8.27E+00	8.62E-01
33	8.28E+00	7.00E-01
34	8.28E+00	5.37E-01
35	8.28E+00	3.75E-01
36	8.28E+00	2.13E-01
37	8.27E+00	0.00E+00
38	8.27E+00	-1.12E-01
39	8.26E+00	-2.74E-01
40	8.27E+00	-4.36E-01
41	8.29E+00	-4.81E-01
42	7.92E+00	-1.30E+00
43	7.87E+00	-1.40E+00
44	7.28E+00	-2.25E+00
45	7.21E+00	-2.33E+00
46	6.35E+00	-3.00E+00
47	6.38E+00	-3.17E+00
48	6.46E+00	-3.24E+00
49	6.26E+00	-3.20E+00
50	6.06E+00	-3.22E+00
51	5.88E+00	-3.31E+00
52	5.73E+00	-3.44E+00
53	5.62E+00	-3.61E+00
54	5.57E+00	-3.80E+00
55	5.56E+00	-4.59E+00
56	5.30E+00	-3.96E+00
57	5.22E+00	-3.82E+00
58	5.10E+00	-3.71E+00
59	4.95E+00	-3.63E+00
60	4.79E+00	-3.60E+00
61	4.63E+00	-3.60E+00
62	4.48E+00	-3.66E+00
63	4.08E+00	-3.85E+00
64	4.44E+00	-3.26E+00
65	4.48E+00	-3.10E+00
66	4.47E+00	-2.93E+00
67	4.40E+00	-2.78E+00
68	4.29E+00	-2.65E+00
69	4.14E+00	-2.57E+00
70	3.97E+00	-2.54E+00
];


r = irz(:,2);
z = irz(:,3);

